k0: -1.362800000000000
k2: -0.001019000000000

f1: -1.372045000000000e-05
f2: 5.831520000000000e-09
f3: -3.726700000000000e-13
f4: -1.474500000000000e-16
f5: 0