k0: -1.379630000000000
k2: -0.001070800000000

f1: -6.428000000000000e-06
f2: 7.506699999999999e-09
f3: -1.748400000000000e-11
f4: 1.917800000000000e-14
f5: -8.901200000000000e-18