k0: -1.284000000000000
k2: -9.572530000000000e-04

f1: -7.711000000000000e-06
f2: -7.728999999999999e-09
f3: 1.522000000000000e-11
f4: -1.154000000000000e-14
f5: 4.912000000000000e-18