k0: -1.387793000000000
k2: -0.001048300000000

f1: -5.130000000000000e-06
f2: -1.735900000000000e-08
f3: 4.356400000000000e-11
f4: -4.118800000000000e-14
f5: 1.799700000000000e-17